bezier
12 2 6.475 2 2 6.475 2 12
bezier
2 6.475 2 12 2 16.425 4.8625 20.1625 8.8375 21.4875
bezier
8.8375 21.4875 9.3375 21.575 9.525 21.275 9.525 21.0125
bezier
9.525 21.0125 9.525 20.775 9.5125 19.9875 9.5125 19.15
bezier
9.5125 19.15 7 19.6125 6.35 18.5375 6.15 17.975
bezier
6.15 17.975 6.0375 17.6875 5.55 16.8 5.125 16.5625
bezier
5.125 16.5625 4.775 16.375 4.275 15.9125 5.1125 15.9
bezier
5.1125 15.9 5.9 15.8875 6.4625 16.625 6.65 16.925
bezier
6.65 16.925 7.55 18.4375 8.9875 18.0125 9.5625 17.75
bezier
9.5625 17.75 9.65 17.1 9.9125 16.6625 10.2 16.4125
bezier
10.2 16.4125 7.975 16.1625 5.65 15.3 5.65 11.475
bezier
5.65 11.475 5.65 10.3875 6.0375 9.4875 6.675 8.7875
bezier
6.675 8.7875 6.575 8.5375 6.225 7.5125 6.775 6.1375
bezier
6.775 6.1375 6.775 6.1375 7.6125 5.875 9.525 7.1625
bezier
9.525 7.1625 10.325 6.9375 11.175 6.825 12.025 6.825
bezier
12.025 6.825 12.875 6.825 13.725 6.9375 14.525 7.1625
bezier
14.525 7.1625 16.4375 5.8625 17.275 6.1375 17.275 6.1375
bezier
17.275 6.1375 17.825 7.5125 17.475 8.5375 17.375 8.7875
bezier
17.375 8.7875 18.0125 9.4875 18.4 10.375 18.4 11.475
bezier
18.4 11.475 18.4 15.3125 16.0625 16.1625 13.8375 16.4125
bezier
13.8375 16.4125 14.2 16.725 14.5125 17.325 14.5125 18.2625
bezier
14.5125 18.2625 14.5125 19.6 14.5 20.675 14.5 21.0125
bezier
14.5 21.0125 14.5 21.275 14.6875 21.5875 15.1875 21.4875
bezier
15.1875 21.4875 17.1727 20.8173 18.8977 19.5415 20.1198 17.8395
bezier
20.1198 17.8395 21.3419 16.1376 21.9995 14.0953 22 12
bezier
22 12 22 6.475 17.525 2 12 2Z
display
